[favicon.jpg]
text=1;147;13;Spectrum 2019;Adobe Gothic Std B;0.548352,0.915675,0.062542,6.283185;v1,4278190080,4278190080,128.000000,1.000000,0.000000,1.000000,400,0,49152;;
backuphash=23507
textactive=1
